1  11 日用杂品   1  12 零食果蔬     1 13 家具电器  
11 21 日用杂品1  12 22 零食果蔬1    13 23 家具电器1 
11 31 日用杂品2  12 32 零食果蔬2    13 33 家具电器2 
11 41 日用杂品3  12 42 零食果蔬3    13 43 家具电器3 
11 51 日用杂品4  12 52 零食果蔬4    13 53 家具电器4 
 
21 1001	洗发露	25	10
21 1002	梳子	5	20
21 1003	香皂	2	50
21 1004	卫生纸	10	30
31 1005	沐浴露	30	15
31 1006 牙膏    10  2
31 1007 洗发水  25  14
31 1013 拖把    30  10
41 1014 筷子    5   40
41 1015 碗      8   60
41 1016 锅铲    12  15
41 1017 刀具套装 59  8 
51 1018 卫生纸   15  2
51 1019 洗衣液   3   51


22 2001	薯片	10	40
22 2002	巧克力	15	30
22 2003	饼干	8	50
22 2004	苹果	5	100
32 2005	香蕉	3	150
32 2006 西兰花  6   12
32 2007 胡萝卜  4   22
32 2008 土豆    3   33
42 2009 橙子    5   31
42 2010 西瓜    2   52
42 2011 花生    7   25
52 2012 果冻    3   40
52 2013 薯条    6   10
52 2014 梨子    4   22
52 2015 菠萝    3   11

23 3001	电饭煲	    200	 10
23 3002	电热水壶	100	 20
23 3003	电风扇	    80	 30
23 3004	沙发	    1000 5
23 3005	书桌	    500	 10
33 3006 吹风机      80   1
33 3007 空调        3000  2
33 3008 冰箱        4000  1
33 3009 微波炉      500   10
43 3010 洗衣机      1500   5
43 3011 扫地机器人  320 5
43 3012 熨斗       200 10
43 3013 电视       2000 10
53 3014 音响       150  10
53 3015 电磁炉     300  16
53 3016 油烟机     1200 5
53 3017 烤箱       590  8 

