11   21   日用杂品1
21        1001      洗发露    25        1001      
21        1002      梳子      5         1002      
21        1003      香皂      2         1003      
21        1004      卫生纸    10        1004      
11   31   日用杂品2
31        1005      沐浴露    30        1005      
31        1006      牙膏      10        1006      
31        1007      洗发水    25        1007      
31        1013      拖把      30        1013      
11   41   日用杂品3
41        1014      筷子      5         1014      
41        1015      碗        8         1015      
41        1016      锅铲      12        1016      
41        1017      刀具套装  59        1017      
11   51   日用杂品4
51        1018      卫生纸    15        1018      
51        1019      洗衣液    3         1019      
